XP_001289:Y203H	INTOLERANT 0.00	3.97	2.86	2.812	1.546	12	12
XP_001290:S752I	INTOLERANT 0.00	3.40	2.60	2.654	0.961	23	28
XP_001290:L1126H	INTOLERANT 0.00	3.98	3.17	2.647	0.884	26	28
XP_001290:P1395L	INTOLERANT 0.03	3.17	2.06	2.862	1.200	15	28
XP_001312:L367S	INTOLERANT 0.04	1.85	3.02	2.826	1.157	26	27
XP_001321:T268M	INTOLERANT 0.03	1.68	2.07	2.687	0.724	87	89
XP_001336:C62Y	INTOLERANT 0.01	4.01	3.60	2.889	0.000	9	9
XP_001336:F117C	INTOLERANT 0.03	3.02	3.00	2.886	0.000	8	9
XP_001342:N69S	INTOLERANT 0.01	3.70	3.35	2.875	1.332	27	27
XP_001350:Y543S	INTOLERANT 0.00	4.32	2.73	2.798	1.552	9	9
XP_001350:D569E	INTOLERANT 0.04	3.37	3.24	2.798	1.552	9	9
XP_001372:R222H	INTOLERANT 0.03	2.90	2.67	2.745	1.152	27	35
XP_001401:K7N	INTOLERANT 0.00	4.32	2.73	2.816	0.688	146	151
XP_001415:P88T	INTOLERANT 0.03	3.02	2.56	2.860	1.370	32	35
XP_001448:R402G	INTOLERANT 0.02	4.23	3.82	2.879	0.676	116	140
XP_001464:P136S	INTOLERANT 0.01	4.01	2.50	2.513	1.075	31	37
XP_001472:T297M	INTOLERANT 0.03	2.56	2.13	2.609	1.074	85	85
XP_001532:R93W	INTOLERANT 0.01	2.78	2.56	2.887	1.745	6	367
XP_001555:L11P	INTOLERANT 0.00	2.79	3.15	2.782	0.897	48	49
XP_001555:L29S	INTOLERANT 0.00	3.30	2.23	2.782	0.897	48	49
XP_001555:A68V	INTOLERANT 0.03	3.23	2.26	2.782	0.897	48	49
XP_001555:E100G	INTOLERANT 0.00	4.02	3.22	2.779	0.897	47	49
XP_001555:Y108C	INTOLERANT 0.02	4.09	2.84	2.779	0.897	47	49
XP_001578:C130W	INTOLERANT 0.00	4.16	2.61	2.716	0.995	34	36
XP_001578:S149R	INTOLERANT 0.01	2.90	3.10	2.716	0.995	34	36
XP_001584:L197P	INTOLERANT 0.00	3.18	2.59	2.906	0.988	34	34
XP_001665:H211Y	INTOLERANT 0.01	3.69	3.55	2.849	1.240	15	16
XP_001734:E488G	INTOLERANT 0.01	3.33	2.69	2.677	1.075	40	46
XP_001747:R47H	INTOLERANT 0.00	3.78	2.97	2.652	1.439	23	25
XP_001749:R68Q	INTOLERANT 0.01	3.11	2.70	2.742	0.707	39	44
XP_001749:A222V	INTOLERANT 0.02	3.11	2.90	2.728	0.700	42	44
XP_001749:E429A	INTOLERANT 0.03	3.17	2.53	3.098	1.551	11	44
XP_001758:S588C	INTOLERANT 0.00	4.32	3.40	2.839	1.441	10	11
XP_001762:P158H	INTOLERANT 0.00	4.21	2.85	2.789	1.042	53	53
XP_001805:I78V	INTOLERANT 0.04	3.89	3.99	2.770	1.340	18	21
XP_001805:T203A	INTOLERANT 0.02	3.25	3.09	2.794	1.288	17	21
XP_001805:L542S	INTOLERANT 0.02	3.57	2.54	3.008	1.596	13	21
XP_001915:C13F	INTOLERANT 0.00	4.32	3.02	2.751	1.318	31	32
XP_001915:C58F	INTOLERANT 0.00	4.32	2.88	2.751	1.318	31	32
XP_001921:E612Q	INTOLERANT 0.00	3.80	3.37	2.864	0.787	61	69
XP_001952:S344T	INTOLERANT 0.00	4.18	3.56	3.081	0.891	400	400
XP_001954:V176F	INTOLERANT 0.03	2.38	2.31	2.706	1.227	20	25
XP_001990:W182C	INTOLERANT 0.02	3.88	3.25	3.018	1.451	28	146
XP_002031:V290F	INTOLERANT 0.01	3.19	3.44	2.860	0.806	53	54
XP_002047:R353G	INTOLERANT 0.00	3.44	2.91	2.883	1.033	40	43
XP_002085:N143H	INTOLERANT 0.00	3.08	2.76	2.802	1.133	36	37
XP_002088:I40N	INTOLERANT 0.00	3.00	2.97	2.823	0.795	53	55
XP_002088:I42F	INTOLERANT 0.03	2.78	2.87	2.823	0.795	53	55
XP_002088:K45N	INTOLERANT 0.02	2.40	3.32	2.823	0.795	53	55
XP_002139:P266S	INTOLERANT 0.00	4.32	3.13	2.781	1.798	6	6
XP_002147:R205K	INTOLERANT 0.00	4.32	4.26	2.394	0.964	32	33
XP_002172:V286L	INTOLERANT 0.00	4.32	3.13	2.985	1.576	9	9
XP_002173:R1568C	INTOLERANT 0.02	2.29	2.92	3.128	1.346	18	21
XP_002194:F81S	INTOLERANT 0.00	3.61	3.28	2.818	1.023	30	30
XP_002194:S195L	INTOLERANT 0.00	4.03	3.38	2.817	1.021	29	30
XP_002210:A115V	INTOLERANT 0.02	3.21	2.45	2.644	1.186	57	58
XP_002212:N112T	INTOLERANT 0.04	2.08	2.54	2.743	0.971	40	46
XP_002212:S524R	INTOLERANT 0.02	2.82	2.47	2.741	0.975	43	46
XP_002262:Y328H	INTOLERANT 0.01	3.30	3.16	2.749	1.281	24	28
XP_002263:P231R	INTOLERANT 0.00	3.88	2.16	2.804	0.763	41	47
XP_002263:Y389C	INTOLERANT 0.00	3.76	2.79	2.722	0.748	45	47
XP_002277:A55T	INTOLERANT 0.01	3.74	3.27	2.804	1.354	25	31
XP_002284:F565L	INTOLERANT 0.02	2.93	3.11	2.828	1.029	29	56
XP_002285:L218F	INTOLERANT 0.01	3.10	3.40	2.792	0.909	47	47
XP_002285:R355L	INTOLERANT 0.02	2.23	2.47	2.792	0.909	47	47
XP_002358:L286P	INTOLERANT 0.00	2.96	2.70	2.968	1.288	34	58
XP_002372:R418G	INTOLERANT 0.01	2.92	2.83	2.854	1.197	40	167
XP_002426:S97A	INTOLERANT 0.00	4.32	2.66	2.782	1.773	8	10
XP_002426:C98W	INTOLERANT 0.04	2.53	2.99	2.782	1.773	8	10
XP_002459:L111I	INTOLERANT 0.00	3.08	2.81	2.750	1.241	84	85
XP_002472:N525K	INTOLERANT 0.00	3.84	3.70	2.843	0.834	72	74
XP_002472:T526K	INTOLERANT 0.00	4.32	3.86	2.843	0.834	72	74
XP_002472:P766R	INTOLERANT 0.05	2.15	2.57	2.844	0.843	71	74
XP_002478:I92T	INTOLERANT 0.01	3.28	2.30	2.831	1.209	48	48
XP_002520:L369H	INTOLERANT 0.00	2.34	3.35	2.168	0.515	340	341
XP_002548:R501K	INTOLERANT 0.00	4.32	4.10	3.041	1.412	25	25
XP_002570:K348I	INTOLERANT 0.01	3.36	-1000.00	3.168	1.428	14	25
XP_002626:D646V	INTOLERANT 0.02	1.74	2.20	3.066	0.896	120	396
XP_002638:L569P	INTOLERANT 0.04	1.79	2.09	2.775	0.000	24	34
XP_002677:G383S	INTOLERANT 0.00	4.32	2.67	2.549	0.748	91	92
XP_002678:R256L	INTOLERANT 0.00	4.32	2.58	2.760	1.275	20	20
XP_002697:L396V	INTOLERANT 0.04	3.81	3.15	2.789	1.369	9	16
XP_002718:L317Q	INTOLERANT 0.01	2.94	1.94	2.738	1.103	16	20
XP_002720:V569I	INTOLERANT 0.00	4.32	3.69	2.943	1.008	26	30
XP_002727:S663R	INTOLERANT 0.00	3.50	2.44	3.093	1.849	14	48
XP_002762:Q144R	INTOLERANT 0.00	3.15	1.33	2.164	0.656	140	146
XP_002768:G93E	INTOLERANT 0.00	3.69	3.25	2.714	1.468	105	105
XP_002773:Q197L	INTOLERANT 0.01	3.81	3.05	2.879	1.025	19	21
XP_002793:W377C	INTOLERANT 0.00	3.95	2.52	2.841	0.897	61	63
XP_002835:H179Q	INTOLERANT 0.01	3.67	2.84	2.660	1.594	27	27
XP_002886:S245L	INTOLERANT 0.01	3.01	2.40	2.821	1.423	16	16
XP_002886:G282W	INTOLERANT 0.00	4.32	2.94	2.821	1.423	16	16
XP_002889:G174V	INTOLERANT 0.00	3.37	2.50	2.806	0.956	28	38
XP_002895:R464W	INTOLERANT 0.00	3.01	3.73	2.879	0.772	40	40
XP_002922:R57H	INTOLERANT 0.01	4.00	3.89	2.809	1.366	27	28
XP_002925:L55Q	INTOLERANT 0.00	4.03	2.65	2.876	0.996	98	98
XP_002925:R60S	INTOLERANT 0.01	3.03	2.73	2.876	0.996	98	98
XP_002925:R223Q	INTOLERANT 0.02	2.87	3.11	2.960	1.022	93	98
XP_002925:G301V	INTOLERANT 0.00	3.82	3.55	2.877	0.997	97	98
XP_002986:T337I	INTOLERANT 0.03	2.44	2.80	2.826	1.066	80	83
XP_003005:T250M	INTOLERANT 0.03	3.32	3.04	2.828	1.622	14	14
XP_003011:C289W	INTOLERANT 0.00	2.82	3.30	2.950	1.027	182	182
XP_003012:T87S	INTOLERANT 0.00	2.68	2.79	2.861	0.719	54	71
XP_003012:G152R	INTOLERANT 0.00	3.12	2.19	3.003	0.782	48	71
XP_003012:V813I	INTOLERANT 0.01	4.04	4.04	2.848	0.739	69	71
XP_003029:T85A	INTOLERANT 0.01	3.64	2.71	2.885	0.747	35	36
XP_003040:E153K	INTOLERANT 0.00	4.32	3.27	3.071	2.012	6	6
XP_003051:W236C	INTOLERANT 0.05	3.83	3.65	2.777	0.734	72	72
XP_003059:P113Q	INTOLERANT 0.04	2.56	2.34	2.874	1.202	25	43
XP_003067:F15S	INTOLERANT 0.03	2.67	2.71	2.681	1.408	12	13
XP_003067:T178K	INTOLERANT 0.04	2.47	2.51	2.695	1.409	13	13
XP_003106:F375S	INTOLERANT 0.00	3.55	3.04	2.796	0.858	58	59
XP_003126:Q356H	INTOLERANT 0.00	2.53	2.51	2.863	0.891	184	197
XP_003153:V101I	INTOLERANT 0.00	4.32	3.34	2.825	1.020	35	38
XP_003155:A325G	INTOLERANT 0.01	2.53	2.75	2.788	0.896	20	21
XP_003181:R305W	INTOLERANT 0.01	2.82	3.47	2.952	1.415	20	21
XP_003205:H718Y	INTOLERANT 0.01	3.47	2.91	2.945	1.610	10	59
XP_003205:L729V	INTOLERANT 0.03	3.32	2.98	2.945	1.610	10	59
XP_003217:S263T	INTOLERANT 0.00	3.35	3.45	2.940	0.938	24	83
XP_003217:G695C	INTOLERANT 0.00	3.83	2.83	3.033	1.002	18	83
XP_003270:V283A	INTOLERANT 0.02	3.06	3.31	2.837	1.293	18	18
XP_003346:K358N	INTOLERANT 0.04	2.19	2.88	2.677	0.920	38	39
XP_003364:L270F	INTOLERANT 0.01	3.43	3.17	3.187	1.240	31	68
XP_003382:L88R	INTOLERANT 0.00	4.32	3.10	2.618	0.924	70	73
XP_003404:Y20N	INTOLERANT 0.00	3.58	2.92	2.986	1.690	22	23
XP_003425:G641D	INTOLERANT 0.04	2.49	2.11	2.878	1.144	59	134
XP_003478:R54W	INTOLERANT 0.00	3.42	3.30	2.880	1.002	21	24
XP_003482:K32E	INTOLERANT 0.00	3.67	2.91	2.605	1.112	53	66
XP_003547:R75K	INTOLERANT 0.03	2.35	2.15	2.759	0.809	91	94
XP_003593:R140W	INTOLERANT 0.01	3.34	2.39	2.886	1.563	11	11
XP_003600:G66R	INTOLERANT 0.00	4.32	2.85	2.921	1.021	22	22
XP_003630:F208S	INTOLERANT 0.02	3.11	3.68	2.803	1.089	18	18
XP_003654:A331V	INTOLERANT 0.01	4.16	3.83	2.758	0.956	32	32
XP_003655:V392D	INTOLERANT 0.04	2.86	3.09	2.994	1.589	9	29
XP_003746:F1826S	INTOLERANT 0.01	3.34	2.86	3.011	1.510	13	15
XP_003749:L503F	INTOLERANT 0.01	2.58	2.84	2.781	1.341	28	29
XP_003814:D884A	INTOLERANT 0.03	3.37	3.40	2.893	0.675	52	113
XP_003825:G143S	INTOLERANT 0.05	1.86	2.03	2.512	0.975	213	244
XP_003846:I143T	INTOLERANT 0.02	3.21	3.55	3.056	1.747	6	7
XP_003862:I49M	INTOLERANT 0.04	3.39	3.17	2.996	1.937	10	11
XP_003872:Q239H	INTOLERANT 0.04	2.85	2.99	2.766	1.073	17	17
XP_003880:D84E	INTOLERANT 0.01	3.64	2.74	2.559	1.116	25	25
XP_003892:S230C	INTOLERANT 0.01	2.55	2.75	2.716	1.499	14	15
XP_003910:D297V	INTOLERANT 0.00	3.00	2.36	2.743	0.842	89	128
XP_003939:G135V	INTOLERANT 0.02	2.40	2.09	2.935	1.561	11	397
XP_003966:S95A	INTOLERANT 0.00	4.32	3.58	2.868	1.097	33	33
XP_003977:I276M	INTOLERANT 0.01	3.23	2.68	2.764	1.015	25	25
XP_003989:D169N	INTOLERANT 0.01	3.58	3.45	2.579	1.260	27	50
XP_004037:D262N	INTOLERANT 0.02	2.90	2.40	2.912	1.809	7	205
XP_004076:K144N	INTOLERANT 0.00	4.32	3.43	2.583	0.560	193	193
XP_004095:R294H	INTOLERANT 0.00	4.32	2.83	2.983	1.578	9	15
XP_004111:V341A	INTOLERANT 0.01	3.93	3.05	2.647	1.340	14	15
XP_004117:F124C	INTOLERANT 0.00	2.25	3.23	2.698	1.208	44	45
XP_004187:T479M	INTOLERANT 0.00	2.96	3.67	2.974	0.907	392	393
XP_004199:A646T	INTOLERANT 0.03	2.96	2.59	2.819	1.489	10	12
XP_004200:I173N	INTOLERANT 0.02	3.49	3.13	2.784	1.324	35	35
XP_004212:S160C	INTOLERANT 0.00	2.68	2.94	2.963	1.558	225	259
XP_004222:V32I	INTOLERANT 0.02	4.08	3.31	2.848	1.195	42	44
XP_004224:T665A	INTOLERANT 0.04	3.28	2.61	2.317	0.775	62	67
XP_004227:R708Q	INTOLERANT 0.01	3.49	3.60	2.507	0.905	68	68
XP_004237:G1703A	INTOLERANT 0.02	2.24	2.64	3.136	1.382	11	95
XP_004252:G55V	INTOLERANT 0.00	3.39	2.84	2.767	1.339	51	51
XP_004255:P296L	INTOLERANT 0.00	4.32	3.35	2.705	0.978	43	43
XP_004265:D145V	INTOLERANT 0.03	2.05	2.03	2.612	0.515	394	396
XP_004268:L204H	INTOLERANT 0.00	4.05	3.14	2.665	1.259	38	38
XP_004300:A438D	INTOLERANT 0.04	2.85	3.37	2.823	0.935	100	101
XP_004300:I445F	INTOLERANT 0.00	3.62	3.82	2.823	0.935	100	101
XP_004301:P1112R	INTOLERANT 0.04	4.03	2.89	3.209	1.628	8	12
XP_004305:E191A	INTOLERANT 0.00	4.32	3.63	2.777	1.688	8	8
XP_004341:R322H	INTOLERANT 0.02	2.37	2.37	2.762	1.068	65	66
XP_004348:H754Y	INTOLERANT 0.00	3.82	3.53	2.925	1.768	8	157
XP_004352:D218Y	INTOLERANT 0.01	2.80	2.87	2.620	1.346	27	28
XP_004383:R178G	INTOLERANT 0.02	2.21	2.57	2.759	1.342	34	34
XP_004406:G421R	INTOLERANT 0.00	4.32	3.36	2.792	1.448	13	13
XP_004407:T99I	INTOLERANT 0.00	3.22	3.51	2.694	1.217	93	93
XP_004415:L66F	INTOLERANT 0.01	2.63	2.46	2.996	1.210	79	81
XP_004443:L85V	INTOLERANT 0.01	2.94	2.31	2.694	1.101	53	54
XP_004473:N242D	INTOLERANT 0.01	3.76	3.12	2.758	1.004	60	60
XP_004477:L55S	INTOLERANT 0.01	2.89	2.84	2.774	1.179	16	19
XP_004495:G120S	INTOLERANT 0.02	3.77	3.68	3.133	1.620	19	19
XP_004535:G218V	INTOLERANT 0.00	4.32	2.88	2.825	1.324	14	16
XP_004556:D186Y	INTOLERANT 0.01	3.32	3.00	2.800	1.427	13	13
XP_004582:D426N	INTOLERANT 0.01	2.48	2.39	3.132	1.390	13	242
XP_004590:M340V	INTOLERANT 0.03	3.37	2.72	2.702	1.167	33	33
XP_004590:L356P	INTOLERANT 0.00	3.89	2.51	2.702	1.167	33	33
XP_004593:F112L	INTOLERANT 0.02	3.10	2.90	2.450	1.180	54	54
XP_004612:R127G	INTOLERANT 0.01	2.99	2.90	2.745	1.404	17	37
XP_004641:R412H	INTOLERANT 0.03	3.11	2.15	2.719	0.746	29	43
XP_004658:R822H	INTOLERANT 0.04	1.45	1.95	1.517	0.298	242	292
XP_004714:I8T	INTOLERANT 0.01	2.97	2.69	2.894	1.275	16	19
XP_004714:G24V	INTOLERANT 0.00	4.32	2.99	2.891	1.233	19	19
XP_004715:R174W	INTOLERANT 0.00	3.98	3.95	2.910	1.114	244	244
XP_004726:P323H	INTOLERANT 0.00	3.67	2.32	2.810	1.082	35	47
XP_004744:S332F	INTOLERANT 0.01	2.60	2.54	2.896	1.111	33	35
XP_004831:L163I	INTOLERANT 0.01	3.73	2.21	2.827	1.054	48	48
XP_004831:I332T	INTOLERANT 0.02	2.29	2.93	2.827	1.054	48	48
XP_004899:P280L	INTOLERANT 0.01	2.37	2.00	2.887	1.494	24	64
XP_004916:M196L	INTOLERANT 0.00	4.30	4.05	2.166	0.562	269	273
XP_004932:P547H	INTOLERANT 0.00	4.01	3.40	2.965	0.982	42	44
XP_004941:L22M	INTOLERANT 0.02	3.20	2.27	2.491	1.211	27	61
XP_004948:L55M	INTOLERANT 0.03	3.70	3.59	3.032	1.423	13	16
XP_004991:V6F	INTOLERANT 0.01	2.79	3.20	3.166	1.632	14	90
XP_005008:Y471D	INTOLERANT 0.00	3.20	2.46	2.747	0.771	65	80
XP_005016:V333E	INTOLERANT 0.02	2.70	3.20	2.609	0.797	41	41
XP_005016:H353N	INTOLERANT 0.01	2.35	2.42	2.621	0.797	40	41
XP_005024:R164W	INTOLERANT 0.02	1.82	2.48	2.652	1.168	18	30
XP_005060:A139V	INTOLERANT 0.00	4.32	2.94	3.175	1.378	15	17
XP_005096:T104P	INTOLERANT 0.01	2.39	2.86	2.735	1.168	55	55
XP_005113:D303Y	INTOLERANT 0.00	2.84	3.67	3.032	1.371	17	18
XP_005114:R287Q	INTOLERANT 0.04	2.53	2.02	2.606	0.566	345	360
XP_005153:N378K	INTOLERANT 0.00	4.32	3.26	2.379	1.040	29	29
XP_005158:P725Q	INTOLERANT 0.00	2.94	2.31	2.802	1.578	11	380
XP_005191:A288T	INTOLERANT 0.01	3.44	3.00	2.779	1.152	26	26
XP_005212:V287M	INTOLERANT 0.00	2.67	3.25	2.712	0.773	120	120
XP_005256:E617V	INTOLERANT 0.04	1.71	2.21	2.587	0.855	182	191
XP_005441:W32L	INTOLERANT 0.01	3.69	2.46	2.804	0.902	44	47
XP_005446:K822N	INTOLERANT 0.01	2.55	2.23	2.563	0.882	62	350
XP_005446:K834N	INTOLERANT 0.01	2.31	2.03	2.535	0.911	73	350
XP_005446:Q842H	INTOLERANT 0.00	2.26	2.16	2.535	0.910	72	350
XP_005463:G250W	INTOLERANT 0.00	3.40	2.24	2.977	1.066	24	28
XP_005463:T251I	INTOLERANT 0.03	2.37	2.67	2.977	1.066	24	28
XP_005463:M274I	INTOLERANT 0.04	3.99	3.25	3.040	1.461	20	28
XP_005535:E8K	INTOLERANT 0.00	4.32	2.73	2.749	1.053	26	27
XP_005545:Y175C	INTOLERANT 0.00	4.19	2.55	2.837	0.827	69	69
XP_005563:L125V	INTOLERANT 0.00	2.89	2.25	2.820	0.937	86	88
XP_005605:N102S	INTOLERANT 0.00	4.32	3.45	2.725	1.191	28	29
XP_005640:L54P	INTOLERANT 0.00	2.77	3.12	2.758	1.055	33	34
XP_005640:R286C	INTOLERANT 0.02	2.48	2.93	3.093	1.591	14	34
XP_005666:F466Y	INTOLERANT 0.03	4.07	3.26	2.802	0.678	75	75
XP_005670:C18Y	INTOLERANT 0.00	4.32	2.70	2.858	1.127	62	63
XP_005688:R230C	INTOLERANT 0.00	3.46	1.93	2.710	0.829	125	135
XP_005729:G54D	INTOLERANT 0.00	4.32	3.42	2.951	1.242	18	19
XP_005729:G57E	INTOLERANT 0.00	4.32	3.60	2.951	1.242	18	19
XP_005746:D624N	INTOLERANT 0.00	4.32	2.19	2.795	1.021	40	40
XP_005750:A292T	INTOLERANT 0.00	4.32	2.55	2.717	1.360	14	14
XP_005758:V246G	INTOLERANT 0.02	2.99	3.11	2.851	0.942	66	72
XP_005767:G384C	INTOLERANT 0.00	3.99	2.40	2.937	1.008	71	72
XP_005801:H383Y	INTOLERANT 0.02	3.33	3.33	2.991	1.398	9	17
XP_005807:I485T	INTOLERANT 0.02	2.37	2.23	3.218	1.152	51	77
XP_005827:E318A	INTOLERANT 0.03	1.69	2.07	3.033	1.332	62	392
XP_005853:R162C	INTOLERANT 0.03	2.10	2.41	2.967	1.597	7	25
XP_005856:G291C	INTOLERANT 0.00	4.32	3.94	2.679	1.059	19	20
XP_005871:T161A	INTOLERANT 0.01	3.98	3.00	2.871	1.372	35	35
XP_005910:D149H	INTOLERANT 0.01	2.64	3.08	2.414	0.665	103	110
XP_005910:E311Q	INTOLERANT 0.00	3.99	2.54	2.414	0.666	110	110
XP_005936:S80F	INTOLERANT 0.03	3.33	2.60	2.759	1.671	14	14
XP_005960:E41Q	INTOLERANT 0.04	3.68	1.94	2.737	0.738	184	190
XP_005962:R154C	INTOLERANT 0.00	4.32	3.32	2.688	1.181	21	21
XP_006020:S192Y	INTOLERANT 0.03	1.92	2.54	2.794	1.228	41	70
XP_006020:R402Q	INTOLERANT 0.03	3.26	2.82	2.706	1.178	51	70
XP_006027:R125M	INTOLERANT 0.00	4.32	2.99	2.828	1.249	27	39
XP_006027:R127L	INTOLERANT 0.01	3.20	2.87	2.828	1.249	27	39
XP_006038:A568T	INTOLERANT 0.01	3.51	3.95	2.848	1.271	16	18
XP_006062:V75M	INTOLERANT 0.03	2.03	2.00	3.065	1.245	15	42
XP_006104:E200G	INTOLERANT 0.00	4.32	3.49	2.836	1.378	20	20
XP_006127:E63G	INTOLERANT 0.04	2.45	2.93	2.898	1.578	13	13
XP_006135:Q346R	INTOLERANT 0.02	3.22	2.56	2.750	1.426	12	13
XP_006209:S76R	INTOLERANT 0.04	4.03	2.94	3.141	1.829	21	35
XP_006214:D108E	INTOLERANT 0.00	4.32	2.45	2.803	0.899	83	87
XP_006222:G156R	INTOLERANT 0.00	4.32	3.51	2.753	0.863	43	43
XP_006222:S271W	INTOLERANT 0.01	1.45	3.00	2.753	0.863	43	43
XP_006242:A270G	INTOLERANT 0.04	3.41	3.24	2.911	1.159	15	16
XP_006258:V117G	INTOLERANT 0.01	2.88	2.81	2.687	1.583	11	12
XP_006261:Q279H	INTOLERANT 0.03	1.82	2.35	2.753	1.009	57	57
XP_006270:D252G	INTOLERANT 0.00	4.32	3.12	2.786	0.775	41	41
XP_006272:N122S	INTOLERANT 0.04	2.78	2.10	2.846	1.069	27	27
XP_006320:D73Y	INTOLERANT 0.03	2.94	2.75	2.638	1.409	16	20
XP_006336:R297M	INTOLERANT 0.01	3.40	1.99	2.741	1.374	8	8
XP_006339:T308S	INTOLERANT 0.00	4.01	1.62	2.723	0.784	88	89
XP_006348:L225V	INTOLERANT 0.00	4.32	3.09	2.835	1.387	15	395
XP_006370:I76F	INTOLERANT 0.01	3.16	2.29	2.699	0.837	39	40
XP_006398:K23E	INTOLERANT 0.04	2.05	1.93	3.031	0.910	38	97
XP_006398:L270V	INTOLERANT 0.02	1.94	1.98	2.726	0.840	86	97
XP_006402:K120N	INTOLERANT 0.00	2.78	2.81	3.198	1.591	30	164
XP_006435:D126H	INTOLERANT 0.04	2.84	3.10	2.810	1.251	24	26
XP_006435:R184P	INTOLERANT 0.01	2.81	2.53	2.812	1.250	24	26
XP_006435:A218G	INTOLERANT 0.05	2.49	2.90	2.812	1.250	24	26
XP_006468:Q153H	INTOLERANT 0.01	4.02	2.63	2.733	1.058	24	24
XP_006481:R309G	INTOLERANT 0.02	2.07	2.36	2.858	1.472	21	21
XP_006483:Y215C	INTOLERANT 0.00	3.54	3.23	2.568	1.222	19	19
XP_006492:R115C	INTOLERANT 0.00	4.32	2.62	2.931	1.432	35	39
XP_006522:T53I	INTOLERANT 0.00	2.68	1.95	2.764	1.081	290	313
XP_006522:V93M	INTOLERANT 0.00	3.10	2.69	3.076	1.902	34	313
XP_006522:K102T	INTOLERANT 0.04	2.91	3.01	2.969	1.783	19	313
XP_006522:R105G	INTOLERANT 0.00	4.32	2.74	2.985	2.052	12	313
XP_006571:V417G	INTOLERANT 0.00	3.96	3.25	2.741	1.001	33	33
XP_006638:V146E	INTOLERANT 0.01	2.77	2.40	2.860	0.869	77	81
XP_006672:L544M	INTOLERANT 0.01	2.95	3.27	2.836	1.048	21	22
XP_006682:L373V	INTOLERANT 0.00	4.32	3.06	2.106	0.573	154	162
XP_006688:E158G	INTOLERANT 0.00	3.14	3.72	1.904	0.580	100	100
XP_006715:L152P	INTOLERANT 0.04	2.60	2.07	2.688	1.188	42	49
XP_006723:V105G	INTOLERANT 0.00	3.52	3.49	2.730	1.183	28	29
XP_006736:K100N	INTOLERANT 0.00	4.32	3.19	2.898	1.689	10	11
XP_006757:L103P	INTOLERANT 0.01	3.47	3.08	2.841	1.706	11	11
XP_006766:G163V	INTOLERANT 0.00	4.32	2.87	2.835	0.000	5	5
XP_006802:S58I	INTOLERANT 0.03	2.07	2.85	3.062	1.328	21	101
XP_006804:S50I	INTOLERANT 0.04	2.02	2.53	2.625	1.576	9	150
XP_006839:I245N	INTOLERANT 0.00	3.91	3.82	2.802	0.769	54	55
XP_006840:L408V	INTOLERANT 0.00	4.32	3.28	2.561	0.727	56	57
XP_006848:Y358N	INTOLERANT 0.00	3.20	1.99	1.861	0.590	346	359
XP_006858:T88N	INTOLERANT 0.01	3.16	2.56	2.852	0.993	74	74
XP_006890:A128V	INTOLERANT 0.04	1.67	2.13	2.606	1.116	25	163
XP_006890:T163R	INTOLERANT 0.03	1.88	2.29	2.643	1.217	23	163
XP_006890:N249K	INTOLERANT 0.02	2.21	2.34	2.697	1.233	19	163
XP_006895:E183D	INTOLERANT 0.00	4.32	3.59	2.776	1.837	8	8
XP_006900:G313C	INTOLERANT 0.01	2.87	3.19	2.775	1.296	33	35
XP_006904:V102I	INTOLERANT 0.01	2.90	3.24	2.732	1.325	14	14
XP_006923:R135S	INTOLERANT 0.01	2.57	3.04	2.782	1.333	92	92
XP_006925:C972Y	INTOLERANT 0.01	4.09	4.20	2.865	1.106	17	17
XP_006950:P305T	INTOLERANT 0.04	2.17	2.18	2.686	1.451	17	245
XP_006954:V42A	INTOLERANT 0.00	3.79	3.25	3.005	2.038	7	399
XP_006954:T334M	INTOLERANT 0.02	1.76	2.49	2.480	0.922	398	399
XP_006959:K251N	INTOLERANT 0.01	3.02	1.93	2.802	0.661	278	279
XP_006959:G268A	INTOLERANT 0.04	2.02	2.44	2.800	0.650	272	279
XP_006959:D285Y	INTOLERANT 0.00	4.18	2.74	2.800	0.650	272	279
XP_006970:W295L	INTOLERANT 0.00	4.32	-1000.00	2.894	1.150	47	50
XP_006988:L138Q	INTOLERANT 0.00	4.09	1.93	2.325	0.614	139	155
XP_007012:E337V	INTOLERANT 0.04	1.93	2.59	2.802	0.763	71	71
XP_007012:E504K	INTOLERANT 0.03	2.70	3.17	2.812	0.779	70	71
XP_007022:V339A	INTOLERANT 0.00	4.32	3.92	2.849	0.775	46	47
XP_007080:E549K	INTOLERANT 0.04	3.41	2.46	2.761	1.541	7	9
XP_007120:I310T	INTOLERANT 0.01	2.63	2.76	2.942	1.260	21	27
XP_007181:V24I	INTOLERANT 0.03	4.18	2.76	2.825	1.107	18	28
XP_007182:L7I	INTOLERANT 0.00	4.32	2.81	2.963	1.222	16	32
XP_007199:T337K	INTOLERANT 0.00	3.92	3.34	1.804	0.588	390	392
XP_007225:V231E	INTOLERANT 0.00	3.33	3.45	2.761	0.705	37	37
XP_007246:G391V	INTOLERANT 0.00	4.32	2.81	2.852	1.157	19	23
XP_007259:I118K	INTOLERANT 0.00	2.79	1.98	2.742	1.301	31	35
XP_007261:F231L	INTOLERANT 0.01	2.97	3.34	2.784	1.167	69	72
XP_007261:L257F	INTOLERANT 0.01	2.63	2.08	2.774	1.158	68	72
XP_007267:P262T	INTOLERANT 0.03	2.75	2.70	2.740	0.764	152	153
XP_007267:N835K	INTOLERANT 0.00	3.46	3.40	3.124	1.776	7	153
XP_007298:S476R	INTOLERANT 0.00	3.14	2.75	2.768	0.777	123	126
XP_007305:V464D	INTOLERANT 0.03	1.89	2.17	2.769	1.217	18	19
XP_007317:G46R	INTOLERANT 0.01	2.40	1.31	2.795	0.821	53	57
XP_007317:H66R	INTOLERANT 0.00	4.32	3.63	2.656	0.801	57	57
XP_007374:H172R	INTOLERANT 0.00	4.32	2.80	2.857	0.878	42	55
XP_007374:I358T	INTOLERANT 0.04	1.84	3.29	2.865	0.908	55	55
XP_007392:N97K	INTOLERANT 0.00	4.32	3.05	2.841	1.427	15	15
XP_007402:D195Y	INTOLERANT 0.04	2.13	2.87	2.818	1.478	22	24
XP_007404:Y601H	INTOLERANT 0.00	4.32	2.78	2.796	1.136	43	53
XP_007432:P86L	INTOLERANT 0.00	4.32	2.63	2.573	1.255	17	17
XP_007441:F205L	INTOLERANT 0.02	3.55	3.09	2.737	1.032	22	24
XP_007478:L78P	INTOLERANT 0.00	2.62	3.82	2.716	0.765	58	62
XP_007479:P121A	INTOLERANT 0.01	3.88	2.48	2.691	0.590	60	64
XP_007490:P311S	INTOLERANT 0.00	4.32	3.35	2.691	0.897	16	16
XP_007509:V407E	INTOLERANT 0.00	3.72	3.23	2.822	1.562	11	73
XP_007541:V24A	INTOLERANT 0.00	3.85	-1000.00	2.889	0.982	64	68
XP_007565:M26T	INTOLERANT 0.01	2.24	1.39	1.883	0.372	257	263
XP_007611:Y129H	INTOLERANT 0.02	2.75	2.93	2.749	1.267	30	31
XP_007626:V263F	INTOLERANT 0.01	3.32	3.61	2.748	1.244	16	16
XP_007626:A317E	INTOLERANT 0.01	3.49	3.70	2.748	1.244	16	16
XP_007628:D32G	INTOLERANT 0.00	4.32	2.95	2.815	1.033	40	40
XP_007635:F118S	INTOLERANT 0.02	2.22	2.61	2.448	1.269	19	20
XP_007638:T85P	INTOLERANT 0.00	4.32	3.55	2.804	0.694	134	134
XP_007646:I143M	INTOLERANT 0.03	3.18	2.44	2.864	1.026	37	37
XP_007660:V80M	INTOLERANT 0.01	3.76	4.00	2.815	1.409	13	13
XP_007668:G154V	INTOLERANT 0.00	3.48	2.96	2.857	0.962	32	33
XP_007669:D80G	INTOLERANT 0.00	4.32	3.40	2.775	1.204	20	21
XP_007669:C120Y	INTOLERANT 0.00	4.32	2.53	2.844	1.239	19	21
XP_007669:C639F	INTOLERANT 0.00	4.32	3.15	2.944	1.381	16	21
XP_007669:I990T	INTOLERANT 0.04	3.15	3.19	3.076	1.539	12	21
XP_007669:C1005Y	INTOLERANT 0.01	4.17	2.82	2.921	1.367	14	21
XP_007669:C1020F	INTOLERANT 0.01	4.18	2.84	2.934	1.401	13	21
XP_007669:C1078R	INTOLERANT 0.00	4.32	2.74	2.852	1.226	15	21
XP_007669:C1137F	INTOLERANT 0.00	4.32	2.90	2.923	1.227	14	21
XP_007669:C1467S	INTOLERANT 0.01	4.21	2.76	3.030	1.427	12	21
XP_007669:G1481R	INTOLERANT 0.02	2.89	2.86	3.223	1.429	12	21
XP_007677:D692H	INTOLERANT 0.04	1.39	1.81	2.449	0.877	261	394
XP_007689:L428Q	INTOLERANT 0.00	2.35	2.28	2.902	1.216	47	134
XP_007747:G604C	INTOLERANT 0.00	3.62	2.77	3.213	1.453	121	130
XP_007763:R1246C	INTOLERANT 0.02	2.17	2.20	2.617	1.360	11	12
XP_007800:A168V	INTOLERANT 0.01	3.73	2.59	2.570	1.404	15	30
XP_007800:P379S	INTOLERANT 0.00	4.32	3.42	2.848	1.561	15	30
XP_007845:L100P	INTOLERANT 0.01	2.88	2.32	2.881	1.318	13	13
XP_007901:V69I	INTOLERANT 0.04	3.04	3.31	2.742	0.869	66	66
XP_007901:A369P	INTOLERANT 0.00	3.59	3.00	2.743	0.866	65	66
XP_007901:F528C	INTOLERANT 0.01	2.48	2.68	2.743	0.866	65	66
XP_007901:Y548H	INTOLERANT 0.00	4.32	2.60	2.743	0.866	65	66
XP_007904:F474Q	INTOLERANT 0.01	3.62	3.46	2.815	1.327	15	15
XP_007909:E199K	INTOLERANT 0.03	3.36	2.68	2.717	1.566	12	13
XP_007930:I176T	INTOLERANT 0.03	3.61	1.99	2.709	1.046	45	45
XP_007963:S138I	INTOLERANT 0.01	2.26	2.68	2.822	1.185	38	38
XP_007976:W149C	INTOLERANT 0.02	4.06	2.03	2.703	0.940	61	61
XP_007990:G442V	INTOLERANT 0.04	2.00	2.90	2.801	1.140	29	33
XP_008010:D84E	INTOLERANT 0.00	4.25	3.30	2.772	1.300	65	67
XP_008010:R151C	INTOLERANT 0.00	2.96	3.26	2.775	1.280	66	67
XP_008010:R160W	INTOLERANT 0.00	3.94	1.95	2.775	1.280	66	67
XP_008010:D294H	INTOLERANT 0.00	3.46	3.20	2.777	1.245	52	67
XP_008013:A264S	INTOLERANT 0.02	3.84	2.89	3.015	1.293	20	23
XP_008055:V94A	INTOLERANT 0.03	2.32	2.28	2.753	1.322	20	23
XP_008055:M122T	INTOLERANT 0.02	3.40	2.56	2.753	1.322	20	23
XP_008082:P458H	INTOLERANT 0.05	2.76	2.33	2.897	1.484	11	13
XP_008086:G248R	INTOLERANT 0.01	3.34	3.53	2.881	1.249	19	19
XP_008098:R692H	INTOLERANT 0.01	3.30	2.18	2.840	1.202	43	51
XP_008106:R251C	INTOLERANT 0.03	2.12	2.41	2.810	1.196	27	29
XP_008190:H125Y	INTOLERANT 0.01	2.18	3.04	2.773	1.578	23	23
XP_008208:H79Y	INTOLERANT 0.00	4.32	3.57	3.113	1.598	18	18
XP_008231:G446V	INTOLERANT 0.03	2.34	1.97	2.836	1.293	10	26
XP_008250:S105C	INTOLERANT 0.00	4.32	3.18	2.854	1.090	92	93
XP_008254:M138K	INTOLERANT 0.00	3.89	2.51	2.777	0.753	71	73
XP_008254:D249V	INTOLERANT 0.00	4.32	3.79	2.779	0.754	73	73
XP_008254:D266N	INTOLERANT 0.00	3.78	3.20	2.779	0.754	73	73
XP_008254:I300M	INTOLERANT 0.04	2.80	3.73	2.779	0.754	73	73
XP_008296:D679V	INTOLERANT 0.01	2.80	2.55	2.687	0.665	60	81
XP_008308:M76T	INTOLERANT 0.00	2.91	2.89	2.961	0.965	398	400
XP_008330:C35R	INTOLERANT 0.01	4.09	3.14	3.032	1.359	13	21
XP_008340:R342Q	INTOLERANT 0.02	2.86	2.68	3.106	1.572	20	207
XP_008350:T91N	INTOLERANT 0.01	2.55	2.85	2.747	0.886	97	97
XP_008360:Y968N	INTOLERANT 0.00	4.32	2.64	2.765	1.036	23	23
XP_008364:I623V	INTOLERANT 0.00	4.32	3.25	2.857	0.793	74	78
XP_008364:S625G	INTOLERANT 0.02	3.13	3.43	2.857	0.793	74	78
XP_008364:R767H	INTOLERANT 0.00	3.39	3.12	2.855	0.836	70	78
XP_008368:Q374L	INTOLERANT 0.00	4.32	3.96	3.058	1.619	11	12
XP_008399:Q32K	INTOLERANT 0.03	3.60	3.45	2.924	0.000	22	24
XP_008422:L1362V	INTOLERANT 0.00	4.32	3.16	2.814	1.133	21	23
XP_008439:G111E	INTOLERANT 0.00	4.32	2.53	2.846	1.117	33	35
XP_008442:E1261G	INTOLERANT 0.00	3.64	2.13	2.813	1.066	63	67
XP_008456:R115S	INTOLERANT 0.00	2.71	3.52	2.831	1.038	78	79
XP_008461:E340G	INTOLERANT 0.01	3.21	3.42	2.763	1.348	15	17
XP_008505:M611I	INTOLERANT 0.01	4.18	2.32	2.844	0.773	50	51
XP_008515:R12P	INTOLERANT 0.01	3.38	2.31	2.836	0.987	18	19
XP_008547:W156C	INTOLERANT 0.00	3.33	2.46	2.884	1.116	59	61
XP_008583:E152Q	INTOLERANT 0.02	2.92	2.80	2.718	0.852	63	72
XP_008597:L201H	INTOLERANT 0.00	4.32	2.98	2.856	0.000	16	16
XP_008597:L207Q	INTOLERANT 0.00	3.50	2.35	2.875	0.000	15	16
XP_008606:L109W	INTOLERANT 0.03	2.45	2.57	2.833	1.078	63	72
XP_008637:L474F	INTOLERANT 0.03	1.28	2.44	2.831	0.732	52	61
XP_008645:I280T	INTOLERANT 0.03	3.30	3.58	2.797	0.837	37	40
XP_008650:V42G	INTOLERANT 0.04	2.53	2.78	2.576	1.318	26	27
XP_008678:I126T	INTOLERANT 0.01	3.76	3.69	2.838	0.970	120	121
XP_008716:I169S	INTOLERANT 0.01	2.55	2.21	2.908	0.962	55	55
XP_008720:Y289C	INTOLERANT 0.02	3.65	3.06	3.113	1.807	7	15
XP_008747:I99T	INTOLERANT 0.01	2.44	2.38	2.754	1.064	30	30
XP_008747:R246C	INTOLERANT 0.04	1.54	3.36	2.843	1.089	25	30
XP_008762:G331W	INTOLERANT 0.00	4.32	3.90	2.771	1.001	13	13
XP_008777:M1T	INTOLERANT 0.00	4.32	-1000.00	2.953	1.780	9	16
XP_008777:L119W	INTOLERANT 0.00	3.64	3.07	2.474	1.378	15	16
XP_008798:C1056G	INTOLERANT 0.00	4.32	2.50	2.702	1.362	8	8
XP_008817:R52K	INTOLERANT 0.01	2.30	3.18	2.791	0.959	37	37
XP_008844:R163C	INTOLERANT 0.00	3.18	3.11	2.799	1.528	18	19
XP_008844:R176C	INTOLERANT 0.01	2.50	3.08	2.799	1.528	18	19
XP_008877:V175E	INTOLERANT 0.00	2.96	3.12	2.697	1.653	11	12
XP_008897:K155N	INTOLERANT 0.01	2.84	2.90	2.570	1.035	23	26
XP_008897:V315M	INTOLERANT 0.01	3.33	2.78	2.589	1.134	22	26
XP_008904:A271V	INTOLERANT 0.01	3.57	2.74	2.712	1.080	17	17
XP_008923:K98N	INTOLERANT 0.01	3.26	2.65	2.764	1.150	65	67
XP_008923:R101G	INTOLERANT 0.00	3.36	2.79	2.764	1.150	65	67
XP_008970:E133A	INTOLERANT 0.00	4.32	2.75	3.149	1.550	10	11
XP_008986:E507V	INTOLERANT 0.01	3.33	3.01	3.048	1.818	8	12
XP_008994:V193E	INTOLERANT 0.03	3.05	2.26	2.772	0.913	63	63
XP_009005:R166C	INTOLERANT 0.04	0.93	2.48	2.408	0.302	191	191
XP_009010:P314L	INTOLERANT 0.05	2.93	2.17	2.793	1.075	16	22
XP_009015:I155M	INTOLERANT 0.00	3.00	2.91	3.174	0.995	313	313
XP_009022:L159F	INTOLERANT 0.00	3.42	3.30	2.733	0.632	116	117
XP_009022:E188K	INTOLERANT 0.00	3.44	2.92	2.743	0.634	117	117
XP_009022:C193S	INTOLERANT 0.00	4.32	2.72	2.743	0.634	117	117
XP_009022:R319T	INTOLERANT 0.01	2.62	2.86	2.747	0.634	116	117
XP_009050:M105T	INTOLERANT 0.04	3.00	2.86	2.639	1.380	26	26
XP_009061:R314L	INTOLERANT 0.00	4.32	3.13	2.800	1.265	12	13
XP_009081:V561E	INTOLERANT 0.02	1.90	2.01	2.809	0.802	26	377
XP_009106:R27W	INTOLERANT 0.00	4.32	2.49	2.990	1.449	15	18
XP_009110:V204F	INTOLERANT 0.00	3.25	2.71	2.620	1.016	38	39
XP_009113:R112H	INTOLERANT 0.01	3.36	3.02	3.191	1.656	20	21
XP_009132:E354Q	INTOLERANT 0.02	3.24	3.41	2.571	0.947	34	34
XP_009173:C47F	INTOLERANT 0.00	4.25	2.16	2.191	0.521	107	110
XP_009236:P303R	INTOLERANT 0.00	4.15	3.75	2.829	0.904	27	27
XP_009236:R504K	INTOLERANT 0.03	3.05	3.59	2.829	0.904	27	27
XP_009237:C256R	INTOLERANT 0.00	4.32	3.17	2.805	0.667	39	39
XP_009239:H419P	INTOLERANT 0.00	3.95	2.51	2.832	0.911	37	38
XP_009264:T136S	INTOLERANT 0.05	2.24	2.49	2.505	0.765	54	54
XP_009287:R249G	INTOLERANT 0.01	3.30	3.25	2.656	1.246	26	26
XP_009314:C161F	INTOLERANT 0.01	3.60	2.64	2.472	0.906	36	36
XP_009327:Y1234N	INTOLERANT 0.00	3.39	2.34	2.638	1.255	45	398
XP_009327:A1254V	INTOLERANT 0.00	3.15	2.93	2.652	1.235	39	398
XP_009339:P200Q	INTOLERANT 0.00	4.32	4.01	2.901	1.547	9	9
XP_009339:P235L	INTOLERANT 0.00	4.32	3.76	2.901	1.547	9	9
XP_009354:L257S	INTOLERANT 0.02	3.83	2.79	2.907	1.309	57	69
XP_009366:E13G	INTOLERANT 0.01	3.10	2.57	2.537	1.260	18	21
XP_009381:S171F	INTOLERANT 0.04	2.14	2.85	2.802	1.148	38	39
XP_009399:C702Y	INTOLERANT 0.00	4.32	3.28	2.926	1.143	18	31
XP_009410:L211H	INTOLERANT 0.01	2.30	2.40	2.930	1.636	18	20
XP_009465:G426D	INTOLERANT 0.00	4.32	4.32	2.716	1.169	51	51
XP_009474:I71F	INTOLERANT 0.05	2.76	3.35	2.808	1.429	12	12
XP_009483:G470R	INTOLERANT 0.00	2.66	3.14	3.207	1.299	27	227
XP_009491:E82K	INTOLERANT 0.03	2.17	3.06	2.318	0.711	104	116
XP_009497:D65N	INTOLERANT 0.04	4.15	2.76	2.761	1.515	27	31
XP_009499:K466T	INTOLERANT 0.05	3.00	3.04	2.884	1.046	21	21
XP_009521:S160F	INTOLERANT 0.02	2.44	3.17	3.073	1.567	9	11
XP_009536:H28R	INTOLERANT 0.03	3.87	2.76	3.208	2.032	5	398
XP_009571:S39R	INTOLERANT 0.00	3.27	3.32	2.944	1.309	31	37
XP_009580:G119V	INTOLERANT 0.03	2.81	2.28	2.841	1.014	34	48
XP_009588:S244I	INTOLERANT 0.00	2.59	3.50	2.835	0.661	140	140
XP_009598:A142P	INTOLERANT 0.02	3.90	-1000.00	3.091	1.835	11	19
XP_009622:F36C	INTOLERANT 0.03	3.17	2.97	3.035	2.014	5	5
XP_009681:R138C	INTOLERANT 0.01	3.53	3.12	2.975	1.469	24	26
XP_009692:R451H	INTOLERANT 0.04	2.56	3.00	3.117	1.337	24	43
XP_009712:G138A	INTOLERANT 0.05	3.10	2.42	2.749	1.235	15	18
XP_009713:D34N	INTOLERANT 0.00	4.32	3.22	2.948	1.597	9	9
XP_009806:Q354H	INTOLERANT 0.01	3.22	3.40	2.684	0.971	39	39
XP_009814:R1147H	INTOLERANT 0.03	1.06	0.83	1.583	0.461	333	347
XP_009830:L79F	INTOLERANT 0.05	2.89	3.31	3.104	1.656	12	35
XP_009835:L990M	INTOLERANT 0.00	2.85	2.60	2.834	1.536	7	397
XP_009885:A42T	INTOLERANT 0.01	3.87	2.64	2.505	0.916	25	25
XP_009889:M308V	INTOLERANT 0.01	3.36	3.04	2.809	0.969	40	40
XP_009895:T95M	INTOLERANT 0.00	3.13	3.01	2.856	0.928	41	42
XP_009974:R39C	INTOLERANT 0.00	3.08	2.01	2.722	1.171	18	20
XP_010018:G463W	INTOLERANT 0.00	2.56	2.04	2.777	0.928	22	22
XP_010032:V324F	INTOLERANT 0.01	2.15	1.88	2.520	0.818	55	129
XP_010044:C509S	INTOLERANT 0.00	4.32	3.08	2.901	1.221	19	20
XP_010049:R127Q	INTOLERANT 0.00	4.32	3.98	2.650	0.722	56	61
XP_010049:L162V	INTOLERANT 0.01	3.44	3.72	2.648	0.726	58	61
XP_010049:D304N	INTOLERANT 0.00	4.32	2.94	2.619	0.724	60	61
XP_010049:R409T	INTOLERANT 0.02	2.28	2.61	2.619	0.725	59	61
XP_010059:S664Y	INTOLERANT 0.01	3.13	2.96	2.790	1.358	15	19
XP_010067:T244M	INTOLERANT 0.00	3.11	2.48	2.784	0.721	123	123
XP_010168:A42V	INTOLERANT 0.02	2.70	2.62	2.622	0.902	40	41
XP_010168:A147V	INTOLERANT 0.01	2.75	2.81	2.761	0.910	40	41
XP_010184:D158N	INTOLERANT 0.00	3.69	1.84	2.775	0.948	68	68
XP_010213:V701A	INTOLERANT 0.03	2.27	2.77	2.872	0.772	98	135
XP_010240:T242M	INTOLERANT 0.02	3.50	2.80	2.772	1.286	14	15
XP_010272:T35P	INTOLERANT 0.00	4.32	3.69	2.942	1.321	16	16
XP_010272:L207S	INTOLERANT 0.00	3.01	2.92	2.942	1.321	16	16
XP_010336:P256H	INTOLERANT 0.00	4.06	2.72	2.496	1.191	23	23
XP_010362:I294T	INTOLERANT 0.01	2.25	3.11	2.951	1.148	57	63
XP_010364:T53P	INTOLERANT 0.02	2.08	2.64	2.708	1.101	31	31
XP_010397:G19V	INTOLERANT 0.01	3.03	3.49	2.971	0.897	43	45
XP_010399:L422W	INTOLERANT 0.01	2.17	2.82	2.807	1.534	10	11
XP_010406:C268W	INTOLERANT 0.03	3.47	3.55	2.947	1.336	28	28
XP_010419:W406R	INTOLERANT 0.00	4.32	2.23	2.284	0.783	95	100
XP_010514:F16I	INTOLERANT 0.02	3.28	2.01	2.880	1.351	14	15
XP_010538:H515Q	INTOLERANT 0.03	3.59	2.48	2.903	1.587	53	54
XP_010583:G11D	INTOLERANT 0.05	3.68	3.61	2.793	0.947	57	66
XP_010583:A109P	INTOLERANT 0.02	3.70	2.94	2.783	0.950	66	66
XP_010583:V210I	INTOLERANT 0.01	3.52	3.20	2.782	0.953	58	66
XP_010583:H212R	INTOLERANT 0.00	3.84	3.20	2.782	0.953	58	66
XP_010640:S92L	INTOLERANT 0.02	3.07	2.22	2.625	1.447	20	22
XP_010681:L42F	INTOLERANT 0.03	3.05	2.78	2.839	1.471	12	12
XP_010681:G70V	INTOLERANT 0.00	4.32	3.04	2.839	1.471	12	12
XP_010693:W473L	INTOLERANT 0.00	4.32	2.47	2.888	1.450	9	11
XP_010719:T5S	INTOLERANT 0.01	2.66	2.40	2.790	0.947	36	63
XP_010725:G148E	INTOLERANT 0.04	2.69	3.51	2.983	1.251	31	78
XP_010725:G414S	INTOLERANT 0.01	3.55	3.01	2.973	1.399	57	78
XP_010725:E480K	INTOLERANT 0.03	3.03	2.42	3.139	1.587	52	78
XP_010725:D494N	INTOLERANT 0.01	2.77	2.64	2.976	1.397	56	78
XP_010726:A267P	INTOLERANT 0.04	3.01	2.66	3.014	1.870	13	124
XP_010732:C908Y	INTOLERANT 0.00	4.22	2.94	2.678	1.104	25	25
XP_010740:E38D	INTOLERANT 0.00	4.32	3.36	2.856	1.154	31	38
XP_010746:A65G	INTOLERANT 0.00	3.06	2.37	3.095	1.380	64	64
XP_010762:R34T	INTOLERANT 0.04	1.79	2.84	2.862	0.620	130	131
XP_010762:F214L	INTOLERANT 0.00	4.32	3.82	2.861	0.620	129	131
XP_010762:K264Q	INTOLERANT 0.02	3.38	2.18	2.856	0.620	127	131
XP_010824:R240Q	INTOLERANT 0.00	4.32	3.45	2.808	1.394	9	9
XP_010886:W176L	INTOLERANT 0.00	4.32	3.19	2.559	0.980	22	23
XP_010893:P538L	INTOLERANT 0.03	2.76	2.60	2.832	1.338	35	35
XP_010898:D373N	INTOLERANT 0.01	3.51	2.82	2.845	1.457	14	14
XP_010963:G12C	INTOLERANT 0.00	3.70	3.36	2.873	0.961	63	65
XP_010988:W1032R	INTOLERANT 0.00	4.32	2.53	2.909	1.102	22	399
XP_010988:L1087H	INTOLERANT 0.00	3.70	2.94	2.965	1.196	14	399
XP_011075:W77R	INTOLERANT 0.01	3.45	2.57	3.174	1.604	23	24
XP_011097:D85Y	INTOLERANT 0.01	1.89	2.01	2.851	1.084	42	43
XP_011111:G92A	INTOLERANT 0.00	3.09	3.21	2.890	0.915	349	362
XP_011111:R132H	INTOLERANT 0.03	1.51	2.11	2.889	0.925	358	362
XP_011112:V350I	INTOLERANT 0.05	1.55	3.32	2.858	0.916	219	362
XP_011112:R370C	INTOLERANT 0.00	4.23	2.88	2.855	0.907	187	362
XP_011124:G449V	INTOLERANT 0.00	3.39	2.54	3.108	1.322	27	31
XP_011164:Y74C	INTOLERANT 0.00	4.32	3.53	2.741	1.674	11	11
XP_011210:G214A	INTOLERANT 0.00	4.32	3.00	2.759	1.050	24	24
XP_011227:D423E	INTOLERANT 0.03	3.83	3.97	3.057	1.404	13	22
XP_011243:L16R	INTOLERANT 0.01	2.43	2.34	2.806	0.924	60	61
XP_011274:V689L	INTOLERANT 0.01	3.81	3.60	2.792	0.775	62	63
XP_011321:G362V	INTOLERANT 0.00	4.32	3.71	2.770	1.096	22	23
XP_011333:D322E	INTOLERANT 0.01	3.44	2.73	2.994	1.498	21	42
XP_011335:D1601Y	INTOLERANT 0.00	2.03	2.35	3.239	1.347	20	396
XP_011391:V191I	INTOLERANT 0.01	3.42	3.67	2.681	0.000	175	175
XP_011392:Y66S	INTOLERANT 0.02	2.35	2.84	2.905	0.880	318	326
XP_011392:A87D	INTOLERANT 0.00	3.86	2.61	2.902	0.879	320	326
XP_011392:Q99H	INTOLERANT 0.01	1.76	2.51	2.905	0.879	323	326
XP_011392:T106N	INTOLERANT 0.04	2.46	3.13	2.897	0.869	322	326
XP_011392:Y107D	INTOLERANT 0.03	2.48	3.37	2.916	0.876	320	326
XP_011392:L209V	INTOLERANT 0.03	3.11	3.06	2.893	0.870	279	326
XP_011402:A94T	INTOLERANT 0.04	2.73	2.68	2.679	0.953	50	52
XP_011411:L187P	INTOLERANT 0.01	2.54	3.63	2.706	0.000	198	198
XP_011411:W217R	INTOLERANT 0.00	4.32	2.62	2.706	0.000	198	198
XP_011412:S120F	INTOLERANT 0.02	2.00	2.82	2.668	1.162	146	147
XP_011459:L79P	INTOLERANT 0.00	3.66	3.29	2.964	1.750	14	16
XP_011465:K103E	INTOLERANT 0.00	4.32	2.44	2.831	0.934	21	22
XP_011473:N362D	INTOLERANT 0.05	2.74	2.91	2.789	1.036	30	30
XP_011546:S142F	INTOLERANT 0.05	4.00	3.71	3.080	0.895	69	69
XP_011620:I265T	INTOLERANT 0.01	2.79	2.33	2.858	0.755	26	29
XP_011620:I768N	INTOLERANT 0.01	2.99	3.81	2.867	0.683	29	29
XP_011636:P99Q	INTOLERANT 0.04	3.68	3.42	2.958	2.018	5	6
XP_011684:D95H	INTOLERANT 0.03	2.75	2.70	2.719	1.111	20	21
XP_011699:T196I	INTOLERANT 0.01	3.13	3.19	2.884	1.041	37	37
XP_011699:F205L	INTOLERANT 0.03	3.12	3.37	2.884	1.041	37	37
XP_011748:L130F	INTOLERANT 0.00	4.32	3.06	3.183	1.835	11	12
XP_011748:A131G	INTOLERANT 0.02	2.51	3.31	3.183	1.835	11	12
XP_011748:R167C	INTOLERANT 0.01	3.71	2.78	3.183	1.835	11	12
XP_011748:V174M	INTOLERANT 0.02	3.01	3.45	3.183	1.835	11	12
XP_011778:R387H	INTOLERANT 0.00	4.32	3.28	2.785	0.811	46	48
XP_011815:I406T	INTOLERANT 0.01	3.65	3.75	2.876	1.328	12	13
XP_011857:Q172L	INTOLERANT 0.01	4.05	2.45	2.798	0.868	67	67
XP_011937:R16C	INTOLERANT 0.02	3.51	3.26	2.750	1.055	111	120
XP_011938:I264M	INTOLERANT 0.00	3.61	3.44	2.779	0.471	109	109
XP_011944:A88V	INTOLERANT 0.00	3.42	2.00	2.459	0.700	77	77
XP_012044:S147I	INTOLERANT 0.01	2.37	2.74	2.776	0.846	32	143
XP_012179:L22P	INTOLERANT 0.00	3.59	2.10	2.965	1.241	37	51
XP_012180:Y89H	INTOLERANT 0.00	2.06	3.05	2.901	1.291	177	177
XP_012180:T103P	INTOLERANT 0.03	2.09	3.15	2.901	1.291	177	177
XP_012180:E122G	INTOLERANT 0.00	2.87	3.18	2.901	1.290	176	177
XP_012180:E126K	INTOLERANT 0.00	3.28	2.85	2.901	1.289	175	177
XP_012192:A33T	INTOLERANT 0.01	3.99	2.83	2.906	1.218	16	17
XP_012207:K129N	INTOLERANT 0.00	3.28	2.98	3.239	1.269	347	347
XP_012227:E165G	INTOLERANT 0.00	3.53	2.37	2.564	0.834	108	112
XP_012227:R342C	INTOLERANT 0.00	2.55	2.87	2.558	0.823	110	112
XP_012239:E273Q	INTOLERANT 0.01	3.81	3.35	2.866	1.365	34	36
XP_012240:L213S	INTOLERANT 0.00	3.46	2.07	2.160	0.959	93	94
XP_012253:G22R	INTOLERANT 0.01	3.18	2.72	3.169	1.606	23	24
XP_012253:A102D	INTOLERANT 0.01	3.52	2.53	3.224	1.627	20	24
XP_012300:R152C	INTOLERANT 0.02	2.01	2.56	2.876	1.172	24	59
XP_012329:G23R	INTOLERANT 0.02	3.05	2.06	3.034	1.575	15	35
XP_012424:L299W	INTOLERANT 0.03	2.74	2.38	2.769	1.394	10	10
XP_012436:S1209T	INTOLERANT 0.04	2.78	1.75	2.665	0.978	29	392
XP_012525:V223M	INTOLERANT 0.00	3.50	2.67	2.723	1.109	47	47
XP_012562:N42H	INTOLERANT 0.02	3.50	2.86	2.916	1.391	16	19
XP_012637:T476M	INTOLERANT 0.01	2.56	2.65	2.718	0.964	23	23
XP_012667:P285S	INTOLERANT 0.00	4.32	4.01	2.771	0.858	71	126
XP_012670:P129L	INTOLERANT 0.00	4.32	3.65	2.764	1.018	116	116
XP_012670:L144V	INTOLERANT 0.00	3.51	2.24	2.764	1.018	116	116
XP_012671:C198F	INTOLERANT 0.00	3.98	2.88	2.738	0.889	114	114
XP_012709:R370G	INTOLERANT 0.00	3.99	3.69	2.835	0.940	68	69
XP_012741:S860N	INTOLERANT 0.01	3.07	3.48	2.772	0.000	52	53
XP_012752:A80P	INTOLERANT 0.02	3.74	2.84	2.981	1.678	11	11
XP_012752:Y240C	INTOLERANT 0.00	3.39	3.56	3.244	2.027	7	11
XP_012763:Q181H	INTOLERANT 0.00	3.13	3.78	2.750	0.642	229	229
XP_012768:F262I	INTOLERANT 0.00	3.91	2.32	2.708	0.532	46	46
XP_012774:L160H	INTOLERANT 0.00	2.89	2.71	2.782	0.805	106	106
XP_012831:A138T	INTOLERANT 0.04	2.40	2.43	2.860	0.954	111	125
XP_012831:P209A	INTOLERANT 0.02	3.01	3.35	2.889	1.003	105	125
XP_012832:L220P	INTOLERANT 0.05	1.25	2.71	2.667	1.010	87	95
XP_012832:G259R	INTOLERANT 0.03	3.42	2.76	2.794	1.130	84	95
XP_012868:V80E	INTOLERANT 0.00	2.40	2.97	2.486	1.041	40	41
XP_012868:V176E	INTOLERANT 0.04	2.31	2.71	2.486	1.041	40	41
XP_012869:I527F	INTOLERANT 0.00	2.87	3.31	2.858	1.209	125	148
XP_012871:N157Y	INTOLERANT 0.04	2.97	3.02	2.902	1.189	64	66
XP_012871:N199K	INTOLERANT 0.03	3.72	2.90	2.818	1.187	65	66
XP_012898:R474C	INTOLERANT 0.00	2.60	2.08	2.939	1.182	24	380
XP_012898:E518V	INTOLERANT 0.04	2.68	2.31	2.991	1.206	23	380
XP_012931:A16V	INTOLERANT 0.05	2.93	3.49	3.175	2.026	7	17
XP_012981:V253G	INTOLERANT 0.02	2.06	2.70	2.819	1.758	7	8
XP_013015:L109F	INTOLERANT 0.05	2.88	3.86	3.242	2.030	6	8
XP_013052:G546C	INTOLERANT 0.03	3.06	2.35	2.950	0.733	189	398
XP_013059:F265L	INTOLERANT 0.00	4.32	3.70	2.827	0.670	60	63
XP_013065:Q137R	INTOLERANT 0.01	3.39	3.65	2.791	0.730	32	32
XP_013091:P129L	INTOLERANT 0.02	3.66	2.89	2.900	1.373	10	10
XP_013118:L271P	INTOLERANT 0.00	2.58	2.66	2.795	1.071	22	22
XP_015295:W52R	INTOLERANT 0.00	4.32	3.04	3.168	1.863	10	10
XP_015295:D80A	INTOLERANT 0.00	4.32	3.15	3.201	1.838	9	10
XP_015295:E91G	INTOLERANT 0.01	3.73	3.21	3.201	1.838	9	10
XP_015295:V98L	INTOLERANT 0.00	4.32	3.50	3.201	1.838	9	10
XP_015325:M297I	INTOLERANT 0.03	3.20	2.31	2.761	1.367	9	295
XP_015332:P42L	INTOLERANT 0.00	4.32	2.39	3.097	1.321	27	34
XP_015332:S405R	INTOLERANT 0.00	3.75	3.49	2.713	1.003	34	34
XP_015364:G105R	INTOLERANT 0.03	2.63	3.09	2.744	1.011	25	25
XP_015434:R145G	INTOLERANT 0.03	2.53	2.86	2.809	1.176	29	29
XP_015504:T303P	INTOLERANT 0.03	2.77	2.50	2.775	1.393	25	41
XP_015523:S15L	INTOLERANT 0.02	2.95	2.60	3.248	1.510	21	95
XP_015523:P156L	INTOLERANT 0.00	3.54	2.86	2.770	0.667	86	95
XP_015523:Q192H	INTOLERANT 0.01	2.43	3.08	2.770	0.667	87	95
XP_015538:F95L	INTOLERANT 0.00	4.32	2.51	2.767	1.301	14	15
XP_015543:T85M	INTOLERANT 0.00	2.53	3.17	2.933	1.273	400	400
XP_015543:R106L	INTOLERANT 0.01	2.28	2.69	2.933	1.273	400	400
XP_015568:L105P	INTOLERANT 0.02	2.85	2.68	2.776	1.389	29	31
XP_015654:V14M	INTOLERANT 0.01	2.77	2.85	2.620	1.133	35	50
XP_015685:C233S	INTOLERANT 0.00	4.32	3.40	3.067	2.106	8	20
XP_015845:L21P	INTOLERANT 0.02	2.98	2.94	2.845	1.798	8	12
XP_015912:R90W	INTOLERANT 0.00	3.09	2.82	2.945	1.339	138	145
XP_015997:F79C	INTOLERANT 0.04	3.03	3.29	2.988	1.568	18	21
XP_016093:V137L	INTOLERANT 0.01	3.89	2.39	2.984	1.318	35	41
XP_016156:D111Y	INTOLERANT 0.02	3.14	2.79	2.812	1.763	9	9
XP_016163:F39L	INTOLERANT 0.02	3.79	2.07	2.267	0.751	78	95
XP_016175:F25L	INTOLERANT 0.04	2.74	2.16	2.808	0.908	177	179
XP_016180:R12H	INTOLERANT 0.02	2.65	2.75	3.070	1.229	27	111
XP_016203:G245D	INTOLERANT 0.00	4.32	3.65	2.529	0.818	32	35
XP_016334:T54P	INTOLERANT 0.00	4.32	4.17	3.137	1.264	14	14
XP_016353:N188K	INTOLERANT 0.04	3.04	3.10	2.793	0.787	34	34
XP_016353:S430L	INTOLERANT 0.01	3.11	2.47	2.793	0.787	34	34
XP_016410:R726H	INTOLERANT 0.03	2.94	3.26	2.914	1.567	9	9
XP_016437:K11M	INTOLERANT 0.00	2.86	2.96	2.914	1.317	28	28
XP_016437:I84V	INTOLERANT 0.04	2.78	2.74	3.000	1.432	21	28
XP_016446:D44Y	INTOLERANT 0.00	4.03	3.17	3.218	1.809	24	26
XP_016538:V47M	INTOLERANT 0.01	2.82	3.41	2.800	0.997	35	35
XP_016538:W60C	INTOLERANT 0.00	4.32	2.88	2.800	0.997	35	35
XP_016639:P28T	INTOLERANT 0.01	4.04	3.67	2.856	1.222	27	35
XP_016669:V326M	INTOLERANT 0.04	2.47	2.76	2.684	1.409	9	11
XP_016674:I164V	INTOLERANT 0.03	3.74	2.47	2.799	1.172	31	38
XP_016677:P141S	INTOLERANT 0.00	4.32	2.89	2.919	1.784	9	10
XP_016709:P340A	INTOLERANT 0.03	3.12	2.35	2.966	1.012	51	52
XP_016778:K49E	INTOLERANT 0.01	3.71	3.10	2.813	1.741	30	32
XP_016800:S8T	INTOLERANT 0.05	2.94	4.10	2.824	0.967	36	37
XP_016801:V197G	INTOLERANT 0.00	3.12	2.10	2.768	1.241	16	17
XP_016837:T77P	INTOLERANT 0.00	3.54	3.09	2.810	0.998	54	54
XP_016853:L172F	INTOLERANT 0.00	3.40	2.77	2.913	1.232	67	81
XP_016897:C167R	INTOLERANT 0.02	3.37	2.70	3.171	1.835	11	12
XP_016906:E53A	INTOLERANT 0.00	3.59	3.00	2.799	0.902	65	65
XP_016915:N87K	INTOLERANT 0.02	3.59	2.84	2.757	1.146	27	28
XP_016946:P112L	INTOLERANT 0.01	3.54	2.39	2.882	1.221	19	20
XP_016946:S311F	INTOLERANT 0.03	1.82	2.34	2.824	1.224	20	20
XP_016969:D8G	INTOLERANT 0.02	3.16	3.12	3.056	1.503	14	14
XP_016969:V57A	INTOLERANT 0.01	3.53	3.71	3.056	1.503	14	14
XP_016991:P30H	INTOLERANT 0.04	2.78	3.29	2.917	1.782	7	15
XP_017018:S144A	INTOLERANT 0.04	3.70	2.86	2.769	1.175	23	23
XP_017102:V1074F	INTOLERANT 0.00	4.32	3.37	3.023	1.651	13	18
XP_017102:Q1346L	INTOLERANT 0.03	3.20	3.38	3.031	1.481	10	18
XP_017284:S333F	INTOLERANT 0.00	2.94	2.52	2.127	0.629	44	44
XP_017310:D193A	INTOLERANT 0.00	3.03	2.45	2.621	0.885	106	116
XP_017337:R92L	INTOLERANT 0.05	3.50	3.30	2.913	1.533	20	22
XP_017348:I291M	INTOLERANT 0.02	2.69	3.59	2.956	1.608	17	26
XP_017385:G161V	INTOLERANT 0.00	4.32	2.58	2.518	1.260	14	14
XP_017460:S55F	INTOLERANT 0.00	3.68	4.25	3.165	1.378	22	22
XP_017469:V124F	INTOLERANT 0.04	2.70	3.17	2.708	0.906	24	24
XP_017527:S315R	INTOLERANT 0.00	3.18	1.75	2.615	0.620	114	130
XP_017527:K317M	INTOLERANT 0.02	1.97	2.20	2.597	0.561	116	130
XP_017606:N154K	INTOLERANT 0.01	2.73	2.90	2.937	1.105	80	103
XP_017606:R227H	INTOLERANT 0.03	3.79	3.29	3.008	1.185	77	103
XP_017705:E223K	INTOLERANT 0.00	4.32	3.18	2.563	1.542	17	17
XP_017705:V250G	INTOLERANT 0.00	3.41	3.29	2.563	1.542	17	17
XP_017768:D176H	INTOLERANT 0.01	3.33	3.33	2.915	0.000	8	8
XP_017792:R10W	INTOLERANT 0.01	2.20	2.53	2.844	1.432	10	115
XP_017793:S224T	INTOLERANT 0.01	4.06	3.54	2.854	0.532	133	133
XP_017813:V55M	INTOLERANT 0.01	2.90	3.41	2.743	1.415	28	28
XP_017838:V65A	INTOLERANT 0.04	2.14	2.95	2.757	1.149	30	31
XP_017855:L111V	INTOLERANT 0.01	3.81	2.87	2.595	1.060	70	78
XP_017855:P135L	INTOLERANT 0.02	4.12	2.69	2.593	1.062	72	78
XP_017907:R309C	INTOLERANT 0.01	2.96	2.18	2.774	1.377	12	13
XP_017978:V25M	INTOLERANT 0.02	3.57	2.93	2.959	1.070	117	120
XP_017978:Q223H	INTOLERANT 0.01	3.46	2.86	3.157	1.377	37	120
XP_017979:R109S	INTOLERANT 0.00	4.32	3.62	2.564	1.214	345	347
XP_017979:G171C	INTOLERANT 0.00	2.91	2.49	2.866	1.534	50	347
XP_017995:G52S	INTOLERANT 0.00	4.32	2.82	3.191	1.476	15	15
XP_018028:G74C	INTOLERANT 0.03	2.78	2.87	3.052	1.515	14	14
XP_018040:Q353H	INTOLERANT 0.04	2.92	2.80	2.970	1.642	8	25
XP_018103:R902P	INTOLERANT 0.01	2.76	2.71	2.204	0.695	88	91
XP_018110:R32W	INTOLERANT 0.00	4.32	2.93	2.386	0.813	88	98
XP_018127:N40T	INTOLERANT 0.01	4.02	3.75	3.101	1.479	24	25
XP_018127:D42G	INTOLERANT 0.02	3.10	3.86	3.101	1.479	24	25
XP_018131:T564A	INTOLERANT 0.03	2.75	2.17	2.758	1.011	24	25
XP_018187:W100R	INTOLERANT 0.00	4.08	2.35	2.824	0.903	34	59
XP_018199:S699F	INTOLERANT 0.02	2.07	2.31	2.440	0.877	26	38
XP_018225:Q184R	INTOLERANT 0.03	2.76	2.95	2.798	1.391	21	21
XP_018236:R254W	INTOLERANT 0.02	2.21	2.01	2.843	1.549	9	9
XP_018292:L177M	INTOLERANT 0.00	3.90	1.98	2.363	0.525	394	396
XP_018313:R226W	INTOLERANT 0.00	3.09	2.80	2.615	1.235	13	398
XP_018323:P120L	INTOLERANT 0.04	3.14	2.12	2.638	1.086	398	399
XP_018323:P142L	INTOLERANT 0.00	4.26	2.53	2.560	1.108	399	399
XP_018443:S108Y	INTOLERANT 0.01	2.00	3.39	2.802	1.233	25	25
XP_018456:L69P	INTOLERANT 0.01	3.16	2.53	2.768	1.617	16	16
